[0, [0.1313659537133193, -0.4676800412833581, -0.46037973819947703, 0.5700540864390684, 0.4765576569311281]]
[1, [0.1313659537133193, -0.4676800412833581, -0.46037973819947703, 0.5700540864390684, 0.4765576569311281]]
[2, [0.1313659537133193, -0.4676800412833581, -0.46037973819947703, 0.5700540864390684, 0.4765576569311281]]
[3, [0.1313659537133193, -0.4676800412833581, -0.46037973819947703, 0.5700540864390684, 0.4765576569311281]]
[4, [0.1313659537133193, -0.4676800412833581, -0.46037973819947703, 0.5700540864390684, 0.4765576569311281]]
[5, [0.1313659537133193, -0.4676800412833581, -0.46037973819947703, 0.5700540864390684, 0.4765576569311281]]
[6, [0.1313659537133193, -0.4676800412833581, -0.46037973819947703, 0.5700540864390684, 0.4765576569311281]]
[7, [0.1313659537133193, -0.4676800412833581, -0.46037973819947703, 0.5700540864390684, 0.4765576569311281]]
[8, [0.1313659537133193, -0.4676800412833581, -0.46037973819947703, 0.5700540864390684, 0.4765576569311281]]
[9, [0.1313659537133193, -0.4676800412833581, -0.46037973819947703, 0.5700540864390684, 0.4765576569311281]]
[10, [0.1313659537133193, -0.4676800412833581, -0.46037973819947703, 0.5700540864390684, 0.4765576569311281]]
[11, [0.1313659537133193, -0.4676800412833581, -0.46037973819947703, 0.5700540864390684, 0.4765576569311281]]
[12, [0.1313659537133193, -0.4676800412833581, -0.46037973819947703, 0.5700540864390684, 0.4765576569311281]]
[13, [0.1313659537133193, -0.4676800412833581, -0.46037973819947703, 0.5700540864390684, 0.4765576569311281]]
[14, [0.1313659537133193, -0.4676800412833581, -0.46037973819947703, 0.5700540864390684, 0.4765576569311281]]
[15, [0.1313659537133193, -0.4676800412833581, -0.46037973819947703, 0.5700540864390684, 0.4765576569311281]]
[16, [0.1313659537133193, -0.4676800412833581, -0.46037973819947703, 0.5700540864390684, 0.4765576569311281]]
[17, [0.1313659537133193, -0.4676800412833581, -0.46037973819947703, 0.5700540864390684, 0.4765576569311281]]
[18, [0.1313659537133193, -0.4676800412833581, -0.46037973819947703, 0.5700540864390684, 0.4765576569311281]]
[19, [0.1313659537133193, -0.4676800412833581, -0.46037973819947703, 0.5700540864390684, 0.4765576569311281]]
[20, [0.1313659537133193, -0.4676800412833581, -0.46037973819947703, 0.5700540864390684, 0.4765576569311281]]
[21, [0.1313659537133193, -0.4676800412833581, -0.46037973819947703, 0.5700540864390684, 0.4765576569311281]]
[22, [0.1313659537133193, -0.4676800412833581, -0.46037973819947703, 0.5700540864390684, 0.4765576569311281]]
[23, [0.1313659537133193, -0.4676800412833581, -0.46037973819947703, 0.5700540864390684, 0.4765576569311281]]
[24, [0.1313659537133193, -0.4676800412833581, -0.46037973819947703, 0.5700540864390684, 0.4765576569311281]]
[25, [0.1313659537133193, -0.4676800412833581, -0.46037973819947703, 0.5700540864390684, 0.4765576569311281]]
[26, [0.1313659537133193, -0.4676800412833581, -0.46037973819947703, 0.5700540864390684, 0.4765576569311281]]
[27, [0.1313659537133193, -0.4676800412833581, -0.46037973819947703, 0.5700540864390684, 0.4765576569311281]]
[28, [0.1313659537133193, -0.4676800412833581, -0.46037973819947703, 0.5700540864390684, 0.4765576569311281]]
[29, [0.1313659537133193, -0.4676800412833581, -0.46037973819947703, 0.5700540864390684, 0.4765576569311281]]
[30, [0.1313659537133193, -0.4676800412833581, -0.46037973819947703, 0.5700540864390684, 0.4765576569311281]]
[31, [0.1313659537133193, -0.4676800412833581, -0.46037973819947703, 0.5700540864390684, 0.4765576569311281]]
[32, [0.1313659537133193, -0.4676800412833581, -0.46037973819947703, 0.5700540864390684, 0.4765576569311281]]
[33, [0.1313659537133193, -0.4676800412833581, -0.46037973819947703, 0.5700540864390684, 0.4765576569311281]]
[34, [0.1313659537133193, -0.4676800412833581, -0.46037973819947703, 0.5700540864390684, 0.4765576569311281]]
[35, [0.1313659537133193, -0.4676800412833581, -0.46037973819947703, 0.5700540864390684, 0.4765576569311281]]
[36, [0.1313659537133193, -0.4676800412833581, -0.46037973819947703, 0.5700540864390684, 0.4765576569311281]]
[37, [0.1313659537133193, -0.4676800412833581, -0.46037973819947703, 0.5700540864390684, 0.4765576569311281]]
[38, [0.1313659537133193, -0.4676800412833581, -0.46037973819947703, 0.5700540864390684, 0.4765576569311281]]
[39, [0.1313659537133193, -0.4676800412833581, -0.46037973819947703, 0.5700540864390684, 0.4765576569311281]]
[40, [0.1313659537133193, -0.4676800412833581, -0.46037973819947703, 0.5700540864390684, 0.4765576569311281]]
[41, [0.1313659537133193, -0.4676800412833581, -0.46037973819947703, 0.5700540864390684, 0.4765576569311281]]
[42, [0.1313659537133193, -0.4676800412833581, -0.46037973819947703, 0.5700540864390684, 0.4765576569311281]]
[43, [0.1313659537133193, -0.4676800412833581, -0.46037973819947703, 0.5700540864390684, 0.4765576569311281]]
[44, [0.1313659537133193, -0.4676800412833581, -0.46037973819947703, 0.5700540864390684, 0.4765576569311281]]
[45, [0.1313659537133193, -0.4676800412833581, -0.46037973819947703, 0.5700540864390684, 0.4765576569311281]]
[46, [0.1313659537133193, -0.4676800412833581, -0.46037973819947703, 0.5700540864390684, 0.4765576569311281]]
[47, [0.1313659537133193, -0.4676800412833581, -0.46037973819947703, 0.5700540864390684, 0.4765576569311281]]
[48, [0.1313659537133193, -0.4676800412833581, -0.46037973819947703, 0.5700540864390684, 0.4765576569311281]]
[49, [0.1313659537133193, -0.4676800412833581, -0.46037973819947703, 0.5700540864390684, 0.4765576569311281]]
[50, [0.1313659537133193, -0.4676800412833581, -0.46037973819947703, 0.5700540864390684, 0.4765576569311281]]
[51, [0.1313659537133193, -0.4676800412833581, -0.46037973819947703, 0.5700540864390684, 0.4765576569311281]]
[52, [0.1313659537133193, -0.4676800412833581, -0.46037973819947703, 0.5700540864390684, 0.4765576569311281]]
[53, [0.1313659537133193, -0.4676800412833581, -0.46037973819947703, 0.5700540864390684, 0.4765576569311281]]
[54, [0.1313659537133193, -0.4676800412833581, -0.46037973819947703, 0.5700540864390684, 0.4765576569311281]]
[55, [0.1313659537133193, -0.4676800412833581, -0.46037973819947703, 0.5700540864390684, 0.4765576569311281]]
[56, [0.1313659537133193, -0.4676800412833581, -0.46037973819947703, 0.5700540864390684, 0.4765576569311281]]
[57, [0.1313659537133193, -0.4676800412833581, -0.46037973819947703, 0.5700540864390684, 0.4765576569311281]]
[58, [0.1313659537133193, -0.4676800412833581, -0.46037973819947703, 0.5700540864390684, 0.4765576569311281]]
[59, [0.1313659537133193, -0.4676800412833581, -0.46037973819947703, 0.5700540864390684, 0.4765576569311281]]
[60, [0.1313659537133193, -0.4676800412833581, -0.46037973819947703, 0.5700540864390684, 0.4765576569311281]]
[61, [0.1313659537133193, -0.4676800412833581, -0.46037973819947703, 0.5700540864390684, 0.4765576569311281]]
[62, [0.1313659537133193, -0.4676800412833581, -0.46037973819947703, 0.5700540864390684, 0.4765576569311281]]
[63, [0.1313659537133193, -0.4676800412833581, -0.46037973819947703, 0.5700540864390684, 0.4765576569311281]]
[64, [0.1313659537133193, -0.4676800412833581, -0.46037973819947703, 0.5700540864390684, 0.4765576569311281]]
[65, [0.1313659537133193, -0.4676800412833581, -0.46037973819947703, 0.5700540864390684, 0.4765576569311281]]
[66, [0.1313659537133193, -0.4676800412833581, -0.46037973819947703, 0.5700540864390684, 0.4765576569311281]]
[67, [0.1313659537133193, -0.4676800412833581, -0.46037973819947703, 0.5700540864390684, 0.4765576569311281]]
[68, [0.1313659537133193, -0.4676800412833581, -0.46037973819947703, 0.5700540864390684, 0.4765576569311281]]
[69, [0.1313659537133193, -0.4676800412833581, -0.46037973819947703, 0.5700540864390684, 0.4765576569311281]]
[70, [0.1313659537133193, -0.4676800412833581, -0.46037973819947703, 0.5700540864390684, 0.4765576569311281]]
[71, [0.1313659537133193, -0.4676800412833581, -0.46037973819947703, 0.5700540864390684, 0.4765576569311281]]
[72, [0.1313659537133193, -0.4676800412833581, -0.46037973819947703, 0.5700540864390684, 0.4765576569311281]]
[73, [0.1313659537133193, -0.4676800412833581, -0.46037973819947703, 0.5700540864390684, 0.4765576569311281]]
[74, [0.1313659537133193, -0.4676800412833581, -0.46037973819947703, 0.5700540864390684, 0.4765576569311281]]
[75, [0.1313659537133193, -0.4676800412833581, -0.46037973819947703, 0.5700540864390684, 0.4765576569311281]]
[76, [0.1313659537133193, -0.4676800412833581, -0.46037973819947703, 0.5700540864390684, 0.4765576569311281]]
[77, [0.1313659537133193, -0.4676800412833581, -0.46037973819947703, 0.5700540864390684, 0.4765576569311281]]
[78, [0.1313659537133193, -0.4676800412833581, -0.46037973819947703, 0.5700540864390684, 0.4765576569311281]]
[79, [0.1313659537133193, -0.4676800412833581, -0.46037973819947703, 0.5700540864390684, 0.4765576569311281]]
[80, [0.1313659537133193, -0.4676800412833581, -0.46037973819947703, 0.5700540864390684, 0.4765576569311281]]
[81, [0.1313659537133193, -0.4676800412833581, -0.46037973819947703, 0.5700540864390684, 0.4765576569311281]]
[82, [0.1313659537133193, -0.4676800412833581, -0.46037973819947703, 0.5700540864390684, 0.4765576569311281]]
[83, [0.1313659537133193, -0.4676800412833581, -0.46037973819947703, 0.5700540864390684, 0.4765576569311281]]
[84, [0.1313659537133193, -0.4676800412833581, -0.46037973819947703, 0.5700540864390684, 0.4765576569311281]]
[85, [0.1313659537133193, -0.4676800412833581, -0.46037973819947703, 0.5700540864390684, 0.4765576569311281]]
[86, [0.1313659537133193, -0.4676800412833581, -0.46037973819947703, 0.5700540864390684, 0.4765576569311281]]
[87, [0.1313659537133193, -0.4676800412833581, -0.46037973819947703, 0.5700540864390684, 0.4765576569311281]]
[88, [0.1313659537133193, -0.4676800412833581, -0.46037973819947703, 0.5700540864390684, 0.4765576569311281]]
[89, [0.1313659537133193, -0.4676800412833581, -0.46037973819947703, 0.5700540864390684, 0.4765576569311281]]
[90, [0.1313659537133193, -0.4676800412833581, -0.46037973819947703, 0.5700540864390684, 0.4765576569311281]]
[91, [0.1313659537133193, -0.4676800412833581, -0.46037973819947703, 0.5700540864390684, 0.4765576569311281]]
[92, [0.1313659537133193, -0.4676800412833581, -0.46037973819947703, 0.5700540864390684, 0.4765576569311281]]
[93, [0.1313659537133193, -0.4676800412833581, -0.46037973819947703, 0.5700540864390684, 0.4765576569311281]]
[94, [0.1313659537133193, -0.4676800412833581, -0.46037973819947703, 0.5700540864390684, 0.4765576569311281]]
[95, [0.1313659537133193, -0.4676800412833581, -0.46037973819947703, 0.5700540864390684, 0.4765576569311281]]
[96, [0.1313659537133193, -0.4676800412833581, -0.46037973819947703, 0.5700540864390684, 0.4765576569311281]]
[97, [0.1313659537133193, -0.4676800412833581, -0.46037973819947703, 0.5700540864390684, 0.4765576569311281]]
[98, [0.1313659537133193, -0.4676800412833581, -0.46037973819947703, 0.5700540864390684, 0.4765576569311281]]
[99, [0.1313659537133193, -0.4676800412833581, -0.46037973819947703, 0.5700540864390684, 0.4765576569311281]]
