-2.769268773909745740e-02
-4.300791696074022369e-02
-4.337340582520254201e-02
1.587215264240427609e-02
-9.848658865400162273e-04
-4.372884869541754371e-02
-3.215459629944630859e-02
3.481512461155537343e-03
-3.988649310433326975e-03
1.704300329257511792e-02
-1.307183619953828854e-02
3.327608705218227519e-02
1.474650983637964922e-02
-8.202749815344181558e-04
7.998149742693333453e-03
-6.035555171210315456e-02
-6.349025122131432899e-03
-4.787542249068037561e-03
2.673062405544487583e-02
8.928834339060734426e-03
-3.885597147365831006e-02
1.132098132677950876e-02
-2.798248681373860514e-02
2.187403699236764587e-02
-5.497465958470225053e-03
